2022-02-23 23:08:40.855635 > 	Starting compilation of Phi01
2022-02-23 23:08:40.856227 > 	There are 56 processors available to Pool.
2022-02-23 23:08:40.856280 > 	The branching factor is 2.
2022-02-23 23:08:40.856324 > 	The beam factor is 28.
2022-02-23 23:08:40.998861 > 	Creating a pool of 56 workers
2022-02-23 23:08:41.217076 > 	New best! 0.02762347001912364 at depth 0
2022-02-23 23:08:41.217665 > 	Popped a node with score: 0.2762347001912364 at depth: 0
2022-02-23 23:08:41.684362 > 	New best! score: 0.25992270439162257 at depth: 1
2022-02-23 23:08:41.684622 > 	Layer completed after 0.4668167680501938 seconds
2022-02-23 23:08:41.685491 > 	Popped a node with score: 0.25992270439162257 at depth: 1
2022-02-23 23:08:41.685759 > 	Popped a node with score: 0.27989419908357915 at depth: 1
2022-02-23 23:08:41.855459 > 	New best! score: 0.22383451600515192 at depth: 2
2022-02-23 23:08:42.083918 > 	Layer completed after 0.3979973718523979 seconds
2022-02-23 23:08:42.085311 > 	Popped a node with score: 0.22383451600515192 at depth: 2
2022-02-23 23:08:42.085492 > 	Popped a node with score: 0.2299065168807447 at depth: 2
2022-02-23 23:08:42.085625 > 	Popped a node with score: 0.2784457905522576 at depth: 2
2022-02-23 23:08:42.086099 > 	Popped a node with score: 0.27844579376278533 at depth: 2
2022-02-23 23:08:42.277411 > 	New best! score: 0.22346917225553087 at depth: 3
2022-02-23 23:08:42.307638 > 	New best! score: 0.2169008712169167 at depth: 3
2022-02-23 23:08:42.365883 > 	New best! score: 0.21690087066477903 at depth: 3
2022-02-23 23:08:43.699107 > 	New best! score: 0.2165559420264881 at depth: 3
2022-02-23 23:08:43.699285 > 	Layer completed after 1.6129980646073818 seconds
2022-02-23 23:08:43.704930 > 	Popped a node with score: 0.2165559420264881 at depth: 3
2022-02-23 23:08:43.705131 > 	Popped a node with score: 0.21690087066477903 at depth: 3
2022-02-23 23:08:43.705283 > 	Popped a node with score: 0.2169008712169167 at depth: 3
2022-02-23 23:08:43.705414 > 	Popped a node with score: 0.22346917225553087 at depth: 3
2022-02-23 23:08:43.705531 > 	Popped a node with score: 0.22990651612954882 at depth: 3
2022-02-23 23:08:43.705644 > 	Popped a node with score: 0.23602314727652907 at depth: 3
2022-02-23 23:08:43.705960 > 	Popped a node with score: 0.2360231482793157 at depth: 3
2022-02-23 23:08:43.706037 > 	Popped a node with score: 0.23602314956147197 at depth: 3
2022-02-23 23:08:43.911511 > 	New best! score: 0.08934712676444079 at depth: 4
2022-02-23 23:08:44.865042 > 	Layer completed after 1.1588313020765781 seconds
2022-02-23 23:08:44.871088 > 	Popped a node with score: 0.08934712676444079 at depth: 4
2022-02-23 23:08:44.871727 > 	Popped a node with score: 0.08934712707478842 at depth: 4
2022-02-23 23:08:44.871867 > 	Popped a node with score: 0.14909832937773793 at depth: 4
2022-02-23 23:08:44.872005 > 	Popped a node with score: 0.16038041896957145 at depth: 4
2022-02-23 23:08:44.872190 > 	Popped a node with score: 0.16038041929851288 at depth: 4
2022-02-23 23:08:44.872340 > 	Popped a node with score: 0.1603804205927587 at depth: 4
2022-02-23 23:08:44.872459 > 	Popped a node with score: 0.18662610488394804 at depth: 4
2022-02-23 23:08:44.872597 > 	Popped a node with score: 0.18746385124233866 at depth: 4
2022-02-23 23:08:44.872713 > 	Popped a node with score: 0.21402563122118234 at depth: 4
2022-02-23 23:08:44.872828 > 	Popped a node with score: 0.21402563192275426 at depth: 4
2022-02-23 23:08:44.873237 > 	Popped a node with score: 0.22346917222521334 at depth: 4
2022-02-23 23:08:44.873319 > 	Popped a node with score: 0.22990651664104533 at depth: 4
2022-02-23 23:08:44.873392 > 	Popped a node with score: 0.2360231478655489 at depth: 4
2022-02-23 23:08:44.873463 > 	Popped a node with score: 0.2360231490316559 at depth: 4
2022-02-23 23:08:44.873533 > 	Popped a node with score: 0.23602314922873213 at depth: 4
2022-02-23 23:08:44.873620 > 	Popped a node with score: 0.23602314985828832 at depth: 4
2022-02-23 23:08:45.053717 > 	New best! score: 0.08931378766313758 at depth: 5
2022-02-23 23:08:45.221549 > 	New best! score: 0.08568156044690933 at depth: 5
2022-02-23 23:08:45.242680 > 	New best! score: 0.0856780016723192 at depth: 5
2022-02-23 23:08:45.245301 > 	New best! score: 0.08567799832565459 at depth: 5
2022-02-23 23:08:49.591547 > 	Layer completed after 4.717797119170427 seconds
2022-02-23 23:08:49.605315 > 	Popped a node with score: 0.08567799832565459 at depth: 5
2022-02-23 23:08:49.605483 > 	Popped a node with score: 0.0856780016723192 at depth: 5
2022-02-23 23:08:49.605620 > 	Popped a node with score: 0.08568156044690933 at depth: 5
2022-02-23 23:08:49.605743 > 	Popped a node with score: 0.08568156158883755 at depth: 5
2022-02-23 23:08:49.605860 > 	Popped a node with score: 0.08931378764304054 at depth: 5
2022-02-23 23:08:49.606000 > 	Popped a node with score: 0.08931378766313758 at depth: 5
2022-02-23 23:08:49.606131 > 	Popped a node with score: 0.08931378767971143 at depth: 5
2022-02-23 23:08:49.606417 > 	Popped a node with score: 0.08931378824528613 at depth: 5
2022-02-23 23:08:49.606489 > 	Popped a node with score: 0.12707335068244252 at depth: 5
2022-02-23 23:08:49.606557 > 	Popped a node with score: 0.141741625139155 at depth: 5
2022-02-23 23:08:49.606632 > 	Popped a node with score: 0.1432263251843201 at depth: 5
2022-02-23 23:08:49.606699 > 	Popped a node with score: 0.14335895722800984 at depth: 5
2022-02-23 23:08:49.606765 > 	Popped a node with score: 0.14850164929166443 at depth: 5
2022-02-23 23:08:49.606831 > 	Popped a node with score: 0.14909832907093667 at depth: 5
2022-02-23 23:08:49.606896 > 	Popped a node with score: 0.15911797944153772 at depth: 5
2022-02-23 23:08:49.606974 > 	Popped a node with score: 0.15911797956338192 at depth: 5
2022-02-23 23:08:49.607048 > 	Popped a node with score: 0.16038041886722199 at depth: 5
2022-02-23 23:08:49.607115 > 	Popped a node with score: 0.16038041900182076 at depth: 5
2022-02-23 23:08:49.607180 > 	Popped a node with score: 0.16038041953796567 at depth: 5
2022-02-23 23:08:49.607245 > 	Popped a node with score: 0.1603804206987376 at depth: 5
2022-02-23 23:08:49.607325 > 	Popped a node with score: 0.17227936437615887 at depth: 5
2022-02-23 23:08:49.607400 > 	Popped a node with score: 0.1863144381107822 at depth: 5
2022-02-23 23:08:49.607478 > 	Popped a node with score: 0.18631445170704186 at depth: 5
2022-02-23 23:08:49.607550 > 	Popped a node with score: 0.21402563146269793 at depth: 5
2022-02-23 23:08:49.607616 > 	Popped a node with score: 0.2140256348240126 at depth: 5
2022-02-23 23:08:49.607682 > 	Popped a node with score: 0.22346917202113892 at depth: 5
2022-02-23 23:08:49.607748 > 	Popped a node with score: 0.22990652017571434 at depth: 5
2022-02-23 23:08:49.607812 > 	Popped a node with score: 0.23602314815574565 at depth: 5
2022-02-23 23:08:50.046277 > 	New best! score: 0.08560379748303126 at depth: 6
2022-02-23 23:08:50.145024 > 	New best! score: 0.06941095614343729 at depth: 6
2022-02-23 23:08:50.268515 > 	New best! score: 0.06941095596174285 at depth: 6
2022-02-23 23:08:50.706771 > 	New best! score: 0.05490466571164365 at depth: 6
2022-02-23 23:08:50.845808 > 	New best! score: 0.054888202618312176 at depth: 6
2022-02-23 23:08:52.195046 > 	Layer completed after 2.587081164121628 seconds
2022-02-23 23:08:52.221871 > 	Popped a node with score: 0.054888202618312176 at depth: 6
2022-02-23 23:08:52.221982 > 	Popped a node with score: 0.05490466571164365 at depth: 6
2022-02-23 23:08:52.222071 > 	Popped a node with score: 0.06941095596174285 at depth: 6
2022-02-23 23:08:52.222142 > 	Popped a node with score: 0.06941095614343729 at depth: 6
2022-02-23 23:08:52.222212 > 	Popped a node with score: 0.08402990200768612 at depth: 6
2022-02-23 23:08:52.222277 > 	Popped a node with score: 0.08560379732184298 at depth: 6
2022-02-23 23:08:52.222339 > 	Popped a node with score: 0.08560379748303126 at depth: 6
2022-02-23 23:08:52.222401 > 	Popped a node with score: 0.08560379749449343 at depth: 6
2022-02-23 23:08:52.222462 > 	Popped a node with score: 0.0856037975057854 at depth: 6
2022-02-23 23:08:52.222524 > 	Popped a node with score: 0.08560379754609804 at depth: 6
2022-02-23 23:08:52.222584 > 	Popped a node with score: 0.08560379756637204 at depth: 6
2022-02-23 23:08:52.222661 > 	Popped a node with score: 0.08560379834222054 at depth: 6
2022-02-23 23:08:52.222723 > 	Popped a node with score: 0.08560379899522585 at depth: 6
2022-02-23 23:08:52.222783 > 	Popped a node with score: 0.08560379917022432 at depth: 6
2022-02-23 23:08:52.222843 > 	Popped a node with score: 0.0856037998087702 at depth: 6
2022-02-23 23:08:52.222903 > 	Popped a node with score: 0.08560380020979719 at depth: 6
2022-02-23 23:08:52.222974 > 	Popped a node with score: 0.08560382527644028 at depth: 6
2022-02-23 23:08:52.223040 > 	Popped a node with score: 0.08931378763963183 at depth: 6
2022-02-23 23:08:52.223101 > 	Popped a node with score: 0.08931378770557052 at depth: 6
2022-02-23 23:08:52.223161 > 	Popped a node with score: 0.08931378776474475 at depth: 6
2022-02-23 23:08:52.223228 > 	Popped a node with score: 0.08931378826370551 at depth: 6
2022-02-23 23:08:52.223288 > 	Popped a node with score: 0.0893137885491172 at depth: 6
2022-02-23 23:08:52.223348 > 	Popped a node with score: 0.10376122199486504 at depth: 6
2022-02-23 23:08:52.223408 > 	Popped a node with score: 0.10382446293847836 at depth: 6
2022-02-23 23:08:52.223468 > 	Popped a node with score: 0.10976166872972004 at depth: 6
2022-02-23 23:08:52.223528 > 	Popped a node with score: 0.12008534961603945 at depth: 6
2022-02-23 23:08:52.223588 > 	Popped a node with score: 0.13002195705713726 at depth: 6
2022-02-23 23:08:52.223648 > 	Popped a node with score: 0.23602314815577718 at depth: 5
2022-02-23 23:08:53.080643 > 	New best! score: 0.05485306988454153 at depth: 7
2022-02-23 23:08:53.089681 > 	New best! score: 0.04238808916648462 at depth: 7
2022-02-23 23:08:53.232408 > 	New best! score: 0.03641297282271849 at depth: 7
2022-02-23 23:08:53.297338 > 	New best! score: 0.03641297256791787 at depth: 7
2022-02-23 23:08:54.553595 > 	Layer completed after 2.329810932278633 seconds
2022-02-23 23:08:54.596075 > 	Popped a node with score: 0.08931378820558666 at depth: 6
2022-02-23 23:08:54.596160 > 	Popped a node with score: 0.2360231487530765 at depth: 5
2022-02-23 23:08:54.596227 > 	Popped a node with score: 0.2360231498500971 at depth: 5
2022-02-23 23:08:54.596289 > 	Popped a node with score: 0.23602360577175385 at depth: 5
2022-02-23 23:08:54.596352 > 	Popped a node with score: 0.03641297256791787 at depth: 7
2022-02-23 23:08:54.596411 > 	Popped a node with score: 0.03641297282271849 at depth: 7
2022-02-23 23:08:54.596469 > 	Popped a node with score: 0.14174162507427424 at depth: 6
2022-02-23 23:08:54.596524 > 	Popped a node with score: 0.14174162533201984 at depth: 6
2022-02-23 23:08:54.596581 > 	Popped a node with score: 0.04238808916648462 at depth: 7
2022-02-23 23:08:54.596636 > 	Popped a node with score: 0.14298757742966195 at depth: 6
2022-02-23 23:08:54.596692 > 	Popped a node with score: 0.14298758165228875 at depth: 6
2022-02-23 23:08:54.596748 > 	Popped a node with score: 0.1429875833278289 at depth: 6
2022-02-23 23:08:54.596803 > 	Popped a node with score: 0.14322632558124915 at depth: 6
2022-02-23 23:08:54.596857 > 	Popped a node with score: 0.14335895367727514 at depth: 6
2022-02-23 23:08:54.596913 > 	Popped a node with score: 0.14850164417576783 at depth: 6
2022-02-23 23:08:54.596985 > 	Popped a node with score: 0.15154511794260817 at depth: 6
2022-02-23 23:08:54.597044 > 	Popped a node with score: 0.054853068834848195 at depth: 7
2022-02-23 23:08:54.597100 > 	Popped a node with score: 0.05485306887185082 at depth: 7
2022-02-23 23:08:54.597156 > 	Popped a node with score: 0.054853069127549614 at depth: 7
2022-02-23 23:08:54.597211 > 	Popped a node with score: 0.05485306914659194 at depth: 7
2022-02-23 23:08:54.597267 > 	Popped a node with score: 0.05485306927238587 at depth: 7
2022-02-23 23:08:54.597321 > 	Popped a node with score: 0.05485306927611244 at depth: 7
2022-02-23 23:08:54.597376 > 	Popped a node with score: 0.054853069416026856 at depth: 7
2022-02-23 23:08:54.597430 > 	Popped a node with score: 0.05485306962640135 at depth: 7
2022-02-23 23:08:54.597485 > 	Popped a node with score: 0.05485306988454153 at depth: 7
2022-02-23 23:08:54.597550 > 	Popped a node with score: 0.05485306993336048 at depth: 7
2022-02-23 23:08:54.597607 > 	Popped a node with score: 0.05485307001774109 at depth: 7
2022-02-23 23:08:54.597661 > 	Popped a node with score: 0.0548530703848511 at depth: 7
2022-02-23 23:08:55.258467 > 	New best! score: 0.0 at depth: 8
2022-02-23 23:08:57.170082 > 	Layer completed after 2.572291422635317 seconds
2022-02-23 23:08:57.256633 > 	Finished compilation at depth 8 with score 0.0 after 16.400685109198093 seconds.
2022-02-23 23:08:57.257831 > 	Finished compilation of Phi01
2022-02-23 23:08:57.258458 > 	Recorded results from compilation.
2022-02-23 23:08:57.258675 > 	Deleted checkpoint file.
